20 18
13 2547 949
16 24630 614
10 34915 722
8 24765 387
11 22973 118
11 17690 485
20 28455 879
14 2251 958
20 17260 79
15 15377 253
2 32678 182
3 38291 847
18 6012 202
14 22750 463
6 9868 222
7 7352 32
2 20582 143
4 11891 854
688 969 564 779 573 292 806 106 969 379 952 260 581 505 623 50 319 373 283 540 
592 489 572 943 87 66 876 788 271 118 444 958 86 7 89 10 650 246 115 619 
624 67 230 204 571 852 606 890 224 888 781 815 728 704 109 815 769 336 954 40 
453 397 349 890 755 789 899 405 34 14 23 657 80 604 213 2 455 818 243 31 
705 376 197 785 79 306 599 848 993 904 239 446 301 939 335 407 728 586 811 761 
599 185 770 30 788 982 383 595 151 978 625 207 353 821 991 431 478 941 278 471 
845 868 268 497 807 954 903 886 539 66 646 137 250 767 518 390 748 901 984 250 
878 608 457 230 428 447 660 906 388 290 728 232 157 995 728 315 948 982 200 839 
47 198 975 649 964 493 38 64 745 373 313 622 332 121 203 111 568 862 16 307 
151 95 890 660 89 969 326 389 950 878 227 997 427 553 997 742 397 34 157 141 
758 470 114 89 942 316 199 509 178 567 167 680 661 56 691 102 24 369 490 326 
246 68 674 24 620 670 765 17 55 922 509 812 743 623 252 36 938 450 897 467 
368 63 499 29 471 189 482 846 909 323 171 506 390 196 529 361 865 646 729 919 
919 238 82 13 212 333 48 501 783 944 968 150 7 818 530 829 358 363 674 267 
685 197 772 74 392 653 435 257 298 163 527 216 752 609 580 963 941 627 464 75 
923 783 577 281 600 458 109 957 821 782 575 857 330 347 931 722 999 717 330 648 
231 856 215 335 816 794 297 109 420 112 535 694 246 463 974 197 921 82 154 93 
216 728 301 545 426 231 618 424 299 947 71 882 155 285 216 970 430 864 430 202 
328 965 895 573 427 869 770 699 302 275 143 517 2 444 414 780 26 31 555 677 
330 978 910 484 262 125 453 44 340 235 245 667 199 139 240 977 7 9 28 661 
