500 100
20 301 19 73 474 11 216 4 74 453 380 487 258 3 329 401 106 346 313 379 484
20 303 93 479 452 216 149 323 334 41 484 381 388 398 69 412 202 1 21 264 497
20 23 77 440 351 291 144 414 219 347 395 193 241 438 134 9 186 394 120 43 283
20 487 330 380 353 196 75 114 186 48 25 165 480 409 138 355 111 261 412 125 144
20 457 253 429 63 35 12 500 490 234 274 356 271 265 286 48 411 29 1 412 144
20 131 141 254 14 160 497 86 152 116 359 5 211 429 156 280 408 404 205 55 259
20 221 120 153 305 82 297 167 394 68 498 357 94 478 75 358 137 403 31 332 207
20 293 498 194 269 263 208 90 439 19 4 367 347 258 379 390 395 201 340 67 385
20 14 112 304 334 274 35 27 351 34 237 10 428 364 82 435 235 186 286 212 439
20 56 339 200 343 461 278 363 187 32 452 45 265 450 308 3 54 84 420 264 100
20 138 249 135 323 291 211 461 170 90 125 51 422 302 328 230 377 238 110 471 270
20 482 487 339 489 91 199 246 182 105 187 214 275 315 94 227 322 144 61 355 389
20 15 23 361 282 113 468 498 115 170 221 408 149 212 473 407 83 248 489 206 84
20 378 487 191 294 478 86 93 173 409 273 427 185 420 424 259 172 336 214 434 421
20 165 74 309 462 392 84 242 15 268 430 143 137 257 448 89 205 7 339 334 400
20 476 341 409 427 9 15 246 87 12 141 147 115 193 52 316 129 293 397 66 196
20 73 35 324 408 375 302 468 58 490 36 186 245 100 232 249 346 472 309 327 281
20 196 407 421 148 497 454 468 410 398 346 301 370 341 207 259 330 475 327 128 315
20 349 215 302 435 451 260 421 195 249 279 179 313 281 247 169 278 198 182 320 259
20 295 95 424 303 233 268 267 387 454 362 188 66 167 446 177 287 117 370 215 154
20 47 210 376 249 129 310 168 429 386 337 334 250 385 221 336 190 486 76 224 470
20 138 389 474 47 393 126 94 316 203 90 269 329 36 388 403 220 307 343 405 248
20 175 264 250 288 15 304 425 39 21 217 387 361 88 132 466 444 332 365 44 177
20 380 135 45 222 138 253 22 295 193 105 249 474 77 26 232 272 267 56 72 350
20 223 385 37 33 146 214 154 485 401 409 228 47 184 29 266 407 41 30 450 454
20 147 244 277 141 105 103 47 346 415 262 154 94 440 294 233 357 95 48 50 96
20 65 49 406 459 426 148 186 266 35 165 309 359 121 493 390 379 341 419 291 170
20 448 499 58 405 487 467 486 271 18 236 91 355 278 458 119 129 443 30 25 260
20 195 239 60 79 200 118 345 193 64 206 411 298 474 355 26 483 450 314 86 427
20 90 275 398 498 343 219 191 7 168 135 386 102 306 121 358 246 93 371 261 326
20 281 327 290 117 499 298 47 102 457 19 163 76 461 425 178 84 109 305 326 246
20 389 232 400 126 327 55 385 65 218 197 305 415 102 179 230 178 107 491 269 170
20 466 190 243 221 12 363 252 147 452 238 439 379 432 393 288 369 396 486 248 409
20 325 265 86 295 497 151 181 484 495 78 97 172 224 329 45 103 498 480 33 11
20 393 205 130 66 67 430 436 462 417 60 77 86 249 25 434 110 484 335 497 199
20 357 486 121 134 153 6 273 224 436 381 240 363 445 122 154 304 484 391 211 22
20 187 454 226 144 436 161 126 107 460 334 159 222 484 239 385 25 263 384 158 495
20 93 214 477 397 102 347 335 449 349 10 77 492 411 196 81 288 413 437 487 400
20 389 298 450 421 291 318 20 380 412 73 241 139 451 498 35 18 436 493 442 77
20 333 370 396 132 137 48 130 250 73 241 72 276 5 187 470 485 202 116 237 51
20 231 307 65 294 386 497 371 266 78 286 86 53 257 194 444 323 74 184 338 156
20 93 242 87 25 276 341 54 85 284 334 57 222 407 420 282 193 486 331 212 447
20 233 117 340 167 449 170 360 20 309 159 217 178 277 308 336 138 276 316 225 263
20 133 40 3 180 176 312 65 233 365 286 96 201 168 24 42 382 433 91 20 43
20 475 164 199 145 38 263 341 359 91 372 403 171 271 465 81 17 222 79 13 108
20 336 411 343 436 362 313 222 268 65 426 106 486 289 139 76 383 11 272 355 200
20 6 293 172 75 71 240 85 27 164 42 167 373 331 340 300 280 369 178 23 201
20 456 178 154 265 291 113 489 485 123 336 71 370 238 355 429 466 403 227 446 316
20 69 151 294 45 144 208 68 72 376 218 91 486 168 351 388 214 367 443 458 268
20 301 500 432 424 128 460 3 130 392 30 149 107 431 464 443 457 224 262 20 1
20 340 10 255 420 168 112 98 174 161 113 358 136 260 427 334 380 24 191 160 190
20 43 101 477 134 31 53 170 440 460 73 360 223 96 110 227 147 239 10 374 176
20 401 342 256 330 366 471 286 290 467 477 39 494 49 204 30 419 63 415 190 438
20 498 482 413 404 69 282 231 175 345 40 60 111 246 96 210 387 2 495 183 325
20 116 453 118 432 293 368 270 497 191 225 117 296 23 210 3 471 7 244 153 445
20 156 73 225 52 360 420 300 220 83 432 173 294 411 350 230 269 80 212 434 410
20 213 196 98 456 246 297 239 34 392 172 274 158 31 393 104 306 464 103 325 257
20 121 284 117 95 146 307 2 50 367 342 443 159 464 160 16 317 6 77 448 500
20 485 49 307 220 59 275 495 345 237 100 422 8 171 84 207 112 444 272 420 192
20 90 32 192 57 43 362 96 357 82 424 179 40 185 252 376 248 275 133 258 235
20 418 381 389 261 20 39 207 77 466 169 297 69 140 384 433 212 380 138 129 133
20 479 238 331 453 55 365 387 432 227 261 303 78 499 393 45 459 464 492 66 413
20 439 415 83 128 196 463 343 173 366 72 442 169 397 285 146 31 48 230 241 61
20 436 209 260 409 474 9 171 391 345 147 193 347 382 299 352 95 338 254 7 201
7 375 223 350 398 407 27 95
20 151 182 35 88 208 329 81 366 373 28 337 204 196 440 71 212 421 60 464 161
20 22 494 320 127 450 235 477 252 90 418 316 10 310 178 155 304 410 48 67 282
20 160 56 337 39 28 478 444 99 147 457 367 33 208 231 451 330 84 352 36 500
20 172 442 179 157 77 159 249 329 317 52 120 4 413 126 53 13 257 134 485 193
20 305 219 428 316 429 14 342 19 84 235 295 325 188 400 40 376 187 86 459 288
20 5 42 9 82 478 135 187 370 269 73 353 2 174 89 398 193 31 34 483 316
20 270 76 16 210 169 412 491 447 384 132 443 47 440 223 30 19 446 399 427 221
20 91 172 341 33 13 355 310 96 470 236 194 82 319 171 485 269 438 307 379 60
20 395 380 201 139 414 377 170 25 8 147 364 285 77 271 372 333 154 383 263 440
20 387 399 88 183 230 407 268 39 107 141 281 224 231 356 50 101 143 110 203 270
20 73 333 93 314 245 167 338 101 279 61 140 374 470 417 415 452 88 499 260 230
20 257 367 468 54 184 113 363 114 29 325 74 88 23 449 115 335 81 228 390 266
20 179 420 490 445 40 407 170 242 181 313 219 460 72 222 367 22 259 327 81 398
20 486 457 391 355 62 192 317 497 110 161 287 416 143 377 306 195 352 245 282 111
20 179 308 139 232 299 193 211 134 243 254 171 176 92 269 316 96 203 332 415 288
20 461 302 347 47 321 9 332 437 175 311 284 28 259 165 345 78 143 18 60 155
20 461 367 12 3 397 396 209 284 449 418 347 297 217 484 304 277 391 152 490 280
20 23 10 427 404 58 157 283 40 491 11 109 187 458 121 215 402 237 244 393 30
20 366 477 416 191 234 264 35 367 38 229 123 138 273 91 76 433 398 293 85 68
20 10 436 140 128 450 178 99 334 213 7 108 58 164 400 468 245 493 258 84 176
20 235 221 50 381 31 257 41 482 52 43 108 283 304 123 86 262 389 250 264 151
20 252 233 81 341 31 130 122 384 129 86 221 105 48 475 293 176 205 320 364 180
20 29 147 77 143 396 290 349 374 296 67 181 305 279 365 333 284 437 150 73 231
20 252 457 477 393 425 414 434 344 88 54 78 38 369 251 185 341 319 379 246 259
16 490 429 276 124 66 69 457 469 18 79 281 327 195 119 74 391
20 254 396 21 187 341 263 102 156 408 446 371 385 78 159 24 247 488 318 170 191
20 216 394 461 222 323 179 218 198 29 183 134 369 255 26 278 345 469 266 389 412
20 169 45 124 378 176 245 142 343 318 486 335 270 488 394 237 81 309 458 472 383
20 60 299 461 285 319 165 190 430 264 49 157 309 443 98 471 139 117 247 257 230
20 269 347 336 448 376 97 208 248 63 170 193 139 262 163 190 279 147 340 334 24
20 202 369 102 306 187 78 478 118 297 246 464 71 313 494 449 486 140 88 392 149
20 426 199 105 190 81 112 68 176 206 3 154 314 227 141 321 240 253 56 442 496
20 12 339 250 89 69 205 67 498 338 102 390 216 260 420 164 23 96 191 14 392
20 403 341 376 60 17 497 192 474 267 193 329 284 482 46 232 471 273 227 320 235
20 391 225 264 14 119 393 159 218 154 243 111 448 232 482 350 134 421 180 275 170
