1000000000 750
77387986 330893784 440071296 545344718
268157063 0 992935626 592032296
186257752 244389076 694482651 330893784
677356349 256129410 826965757 689037079
638634751 351934489 992935626 466179741
525891484 463566682 618945491 707122412
234557009 107781340 992935626 351934489
486492696 545344718 677356349 689037079
380905615 260396147 992935626 627787600
0 256129410 839946352 481453476
402210841 183845480 664189203 592032296
169148596 256129410 694482651 351934489
208311282 121804312 867580276 658616169
268157063 367760040 440071296 481453476
12292704 260396147 186257752 689037079
169148596 260396147 234557009 481453476
0 310013650 775398440 351934489
380905615 256129410 440071296 865233582
186257752 107781340 855381971 244389076
268157063 228536673 1000000000 257854888
268157063 260396147 268157063 592032296
440071296 256129410 992935626 865233582
0 185952430 953426076 260396147
229937192 609758202 310567510 948683155
378460476 78022940 472491625 294235499
317574391 223520995 764240717 820132351
0 88141933 1000000000 627787600
268157063 68031140 380905615 981670198
677356349 244389076 855381971 257854888
826965757 68031140 992935626 244389076
12292704 0 169148596 466179741
583797785 183845480 855381971 550344247
638634751 185952430 694482651 367760040
380905615 88141933 720999595 1000000000
0 68031140 953426076 183845480
510696306 6222327 953426076 545344718
402210841 185952430 906219065 865233582
268157063 88141933 992935626 550344247
664189203 185952430 953426076 550344247
510696306 244389076 826965757 367760040
231634766 731874811 608836451 988384369
380905615 466179741 1000000000 592032296
839946352 68031140 855381971 481453476
675115599 260396147 906219065 627787600
694482651 6222327 826965757 228536673
775398440 68031140 992935626 228536673
234557009 183845480 826965757 550344247
12292704 6222327 1000000000 1000000000
0 545344718 664189203 695445204
290294011 745589197 894457590 919430247
992935626 185952430 1000000000 689037079
664189203 481453476 720999595 865233582
486492696 695445204 839946352 981670198
77387986 185952430 486492696 981670198
720999595 0 992935626 481453476
510696306 351934489 583797785 550344247
720999595 107781340 1000000000 481453476
12292704 257854888 234557009 260396147
234557009 627787600 234557009 689037079
440071296 0 992935626 256129410
402210841 256129410 839946352 367760040
402210841 260396147 486492696 550344247
677356349 260396147 855381971 351934489
12292704 351934489 953426076 592032296
677356349 88141933 953426076 466179741
268157063 107781340 839946352 627787600
583797785 185952430 855381971 689037079
675115599 183845480 775398440 330893784
380905615 68031140 510696306 545344718
169148596 257854888 664189203 1000000000
906219065 88141933 953426076 244389076
77387986 107781340 186257752 256129410
12292704 256129410 402210841 627787600
720999595 367760040 855381971 592032296
77387986 256129410 675115599 466179741
77387986 68031140 186257752 627787600
664189203 88141933 677356349 257854888
402210841 592032296 510696306 981670198
440071296 185952430 510696306 367760040
268157063 256129410 675115599 481453476
12292704 466179741 510696306 695445204
234557009 6222327 380905615 367760040
694482651 592032296 855381971 981670198
12292704 107781340 510696306 481453476
12292704 183845480 12292704 185952430
638634751 68031140 664189203 310013650
775398440 310013650 1000000000 351934489
12292704 228536673 638634751 695445204
824286395 739639225 985083445 747592298
486492696 330893784 694482651 689037079
186257752 183845480 486492696 260396147
855381971 88141933 906219065 330893784
440071296 183845480 510696306 228536673
440071296 981670198 826965757 1000000000
380905615 351934489 826965757 481453476
675115599 351934489 677356349 466179741
486492696 244389076 992935626 260396147
402210841 68031140 510696306 183845480
638634751 260396147 638634751 865233582
677356349 228536673 720999595 481453476
181911197 6863664 828034774 814298933
402210841 6222327 583797785 592032296
638634751 88141933 953426076 330893784
486492696 88141933 855381971 256129410
169148596 0 826965757 260396147
380905615 0 775398440 367760040
12292704 88141933 486492696 865233582
417705631 449586221 816357941 495160169
169148596 244389076 839946352 592032296
440071296 351934489 720999595 545344718
826965757 185952430 906219065 185952430
0 351934489 440071296 1000000000
720999595 256129410 953426076 367760040
855381971 310013650 1000000000 981670198
440071296 367760040 839946352 865233582
402210841 107781340 486492696 466179741
77387986 244389076 992935626 310013650
131631937 318297269 165640741 348236085
186257752 185952430 583797785 865233582
467806074 646402723 872680176 854072149
323341544 857710327 347033145 890520260
586495283 235754577 661289172 799829772
583797785 0 906219065 260396147
826965757 0 992935626 367760040
12292704 310013650 12292704 367760040
0 330893784 638634751 481453476
234557009 695445204 638634751 981670198
638634751 6222327 677356349 865233582
510696306 88141933 839946352 228536673
234557009 0 1000000000 545344718
159917889 250175052 415723946 313117123
186257752 228536673 826965757 257854888
826965757 592032296 826965757 865233582
402210841 351934489 992935626 545344718
775398440 695445204 839946352 1000000000
268157063 310013650 268157063 330893784
664189203 0 906219065 481453476
402210841 695445204 510696306 1000000000
234557009 257854888 694482651 981670198
186257752 310013650 440071296 689037079
661228451 312647955 946884595 663172540
694482651 466179741 694482651 865233582
186257752 257854888 1000000000 865233582
351519099 593660446 790799052 680077260
234557009 466179741 638634751 545344718
664189203 107781340 953426076 627787600
77387986 689037079 855381971 1000000000
77387986 367760040 675115599 550344247
677356349 183845480 720999595 981670198
27027767 539707648 941447161 721455761
0 257854888 992935626 695445204
268157063 185952430 510696306 627787600
440071296 107781340 775398440 183845480
323767429 512604448 400384560 997854423
664189203 6222327 775398440 1000000000
675115599 695445204 677356349 1000000000
694482651 244389076 953426076 865233582
440071296 592032296 638634751 689037079
268157063 257854888 720999595 260396147
583797785 68031140 675115599 330893784
659116329 369721911 737146678 430463271
775398440 244389076 855381971 466179741
510696306 0 775398440 256129410
186257752 367760040 583797785 481453476
12292704 545344718 675115599 545344718
77387986 228536673 583797785 351934489
77387986 545344718 268157063 545344718
694482651 0 839946352 550344247
380905615 183845480 402210841 981670198
675115599 68031140 675115599 981670198
0 0 638634751 466179741
169148596 627787600 694482651 627787600
694482651 228536673 906219065 466179741
106954545 634763503 784224874 955572518
451951555 168579150 559079306 631752143
575476430 383312441 809804151 693944027
440071296 310013650 855381971 330893784
353544857 91574289 983303716 923562018
440071296 228536673 677356349 330893784
755708490 470380470 786493548 913465682
142241813 785698408 970768732 872586305
448757086 606228672 472771219 607527702
29804566 613995751 933149018 735351576
831378984 236090041 962756640 272208729
510696306 257854888 677356349 351934489
564138409 436356399 865422287 994409206
561549707 309995588 818433043 602661037
510696306 68031140 906219065 257854888
402210841 367760040 675115599 1000000000
0 481453476 402210841 865233582
74379549 58902257 313766590 779466954
0 183845480 1000000000 244389076
0 627787600 402210841 689037079
839946352 107781340 1000000000 695445204
440071296 88141933 953426076 310013650
413569860 67848540 660380103 804077371
675115599 6222327 677356349 695445204
77387986 351934489 775398440 466179741
638634751 228536673 826965757 256129410
186257752 6222327 664189203 545344718
507916894 400481701 556509781 959351904
474529300 20364060 751236795 355465090
154781717 635973940 910872262 716884628
380905615 6222327 664189203 367760040
169148596 185952430 440071296 627787600
77387986 481453476 906219065 695445204
169148596 88141933 638634751 310013650
510696306 550344247 677356349 592032296
638634751 256129410 664189203 330893784
529256336 100491552 644949298 296389911
77387986 257854888 906219065 550344247
855381971 107781340 953426076 481453476
186257752 545344718 675115599 865233582
315515021 509105000 578006949 561319494
58371637 111989035 719119444 686712032
169148596 6222327 234557009 865233582
583797785 260396147 953426076 689037079
402210841 257854888 775398440 260396147
664189203 550344247 839946352 695445204
430327271 19201549 646843742 833253039
268157063 627787600 855381971 695445204
268157063 6222327 906219065 6222327
694482651 88141933 1000000000 550344247
268157063 466179741 583797785 627787600
694482651 107781340 906219065 981670198
143267463 575670887 364763272 605267775
490231824 688776664 798555999 905598111
113858387 783773852 735628025 953838776
268157063 481453476 268157063 689037079
236289154 45249076 324594698 874648727
641931162 821148987 805772059 951971829
677356349 6222327 1000000000 367760040
380905615 228536673 720999595 466179741
77387986 260396147 186257752 330893784
694482651 185952430 720999595 689037079
440071296 257854888 906219065 367760040
234557009 351934489 775398440 481453476
196325125 420612112 315329509 545611909
583797785 228536673 775398440 545344718
583797785 256129410 855381971 865233582
275148114 387817441 415745242 557211463
387899757 109153738 425561803 952428204
313411289 359849115 737575940 590834006
12292704 481453476 169148596 550344247
499972467 202667057 650653650 834432046
285648460 212445825 606008127 855077672
510696306 592032296 583797785 689037079
440071296 330893784 664189203 627787600
96081950 800196935 259798644 840253909
600411170 337674202 706924646 438692268
510696306 107781340 638634751 550344247
486492696 107781340 855381971 185952430
418995478 251404991 764582908 677531044
402210841 481453476 992935626 981670198
603427341 347725297 774160403 655482161
402210841 0 440071296 244389076
422051944 293268881 639156965 643377100
169148596 981670198 583797785 981670198
638634751 244389076 826965757 310013650
402210841 550344247 775398440 689037079
214046688 31834869 291560880 996626372
234557009 185952430 486492696 228536673
583797785 466179741 694482651 695445204
169148596 183845480 855381971 228536673
0 592032296 953426076 981670198
207620305 619063081 552355098 796221175
380905615 107781340 720999595 310013650
12292704 68031140 953426076 351934489
906219065 68031140 906219065 689037079
675115599 0 953426076 0
923482899 31620372 973557871 225458000
638634751 257854888 992935626 689037079
289007902 607528485 984442398 986700652
486492696 183845480 1000000000 466179741
67918868 149183808 503668394 577987051
186257752 68031140 380905615 330893784
696912629 130391401 835227239 898489148
402210841 88141933 720999595 592032296
402210841 466179741 664189203 689037079
71718283 335331314 709523800 487563066
12292704 550344247 906219065 592032296
186257752 0 664189203 257854888
167819366 545409659 260054938 864815808
0 107781340 77387986 627787600
406194907 170429303 735024435 442175046
694482651 260396147 953426076 1000000000
455025172 93053255 543675627 556543865
325905247 189347497 796246970 609324055
121162939 889633637 795613110 962815752
545529158 28972408 954538692 290277480
186257752 481453476 675115599 627787600
188368142 545961091 785358572 877092779
720999595 6222327 906219065 107781340
25293020 546705246 979611428 731112137
240429220 406989292 614025788 711151093
12292704 330893784 677356349 981670198
440531263 462894613 611258784 790440461
764391833 253714597 965209994 677937388
185727932 270838470 313813953 969705765
0 228536673 677356349 367760040
268157063 244389076 583797785 310013650
608241276 859939844 691300461 902416332
249382919 56958252 704531354 585788126
225818108 248295508 446986171 562504345
511967786 776940210 726091114 908282230
169148596 68031140 268157063 550344247
389810240 16257809 834773425 669466130
430734455 798677642 767251957 799098233
720999595 257854888 826965757 351934489
77387986 6222327 826965757 183845480
479029149 23904365 709395258 366101814
128697545 579490974 886105850 804824771
167528563 659578195 915456017 793045852
336440528 228356989 978252233 622900980
380905615 627787600 775398440 981670198
402210841 330893784 510696306 466179741
94186159 209318021 613496728 472200251
380905615 185952430 826965757 545344718
234557009 228536673 268157063 1000000000
77387986 88141933 675115599 256129410
88810130 2965274 698513016 547581211
619581787 74085185 789764879 191536722
222534161 795027342 934141445 803319515
77387986 183845480 1000000000 228536673
437030464 417404592 652676686 822758695
0 244389076 169148596 689037079
486492696 6222327 694482651 68031140
234557009 88141933 720999595 695445204
839946352 6222327 906219065 244389076
187564825 136452050 366291659 901011833
402210841 228536673 720999595 550344247
148996801 381007593 912219229 947483423
775398440 88141933 839946352 244389076
486492696 185952430 486492696 689037079
720999595 68031140 992935626 1000000000
582241376 4523865 792320432 590409639
35586176 329558541 617294795 551048727
467306704 320314138 755450296 987074526
380905615 689037079 953426076 695445204
342399122 364324971 356999768 521389238
497777727 73868861 694969494 222504792
486492696 367760040 677356349 545344718
268157063 183845480 992935626 257854888
61704637 560733542 924306597 846882048
443010021 140901660 854485358 385376438
398678589 847920791 428220775 871594308
694482651 257854888 855381971 260396147
39282292 503596404 796083423 952278353
775398440 107781340 855381971 627787600
238662513 166363185 388271024 839814355
50497470 278389243 395992966 689242405
403660987 278195658 506381314 810350347
39401577 790066923 575224840 878071709
186257752 88141933 234557009 244389076
487688568 625441070 586179356 794617021
410733749 161098675 870536322 509581844
380905615 592032296 638634751 1000000000
438602005 372890756 624465795 450014332
486492696 257854888 677356349 627787600
839946352 256129410 1000000000 256129410
495305540 630883950 580085227 845110169
518629221 530314705 677194264 774916509
195049386 12094528 884778435 103654689
275522475 622279006 503224122 880628714
562978463 421172034 822324594 819263962
664189203 68031140 775398440 865233582
363277862 68260788 849244578 928396890
953426076 6222327 992935626 330893784
675115599 107781340 839946352 260396147
527097755 387140425 678364833 856340562
222717435 436615750 261907832 878788191
210751348 336237351 390312107 756971241
83119980 429102941 486138426 577965069
610305327 97841998 684928160 781581693
583797785 88141933 583797785 695445204
234557009 367760040 839946352 466179741
583797785 545344718 906219065 1000000000
113796053 195899709 182372018 738412872
906219065 183845480 1000000000 185952430
664189203 228536673 1000000000 260396147
181177901 10495321 669761361 90511974
304824875 182253135 970757694 773540583
260426843 66779234 707178029 971882675
150621537 13937440 307318114 275944864
677356349 0 775398440 627787600
372690420 153425631 442221763 342244621
153966795 75714626 317865284 236226065
593532017 630014770 907219632 828677577
508604849 243258174 842118530 771352195
70079804 71357438 461257807 251563479
620901704 117760176 948944755 736981393
380905615 310013650 510696306 330893784
0 6222327 77387986 865233582
77387986 310013650 234557009 545344718
30930847 128980817 387251817 143624540
591459316 302672021 975536066 650593710
41458835 328773951 815541752 442632442
42881031 186790363 296023989 872906725
726213123 394065494 902678439 996077035
477785210 137809748 934874974 601293285
295692675 230487751 495617012 986367831
19105351 316767604 841735037 339238237
705063853 159935016 795132570 179817403
616408265 560878448 948061269 592994912
362594088 23409381 581332611 788009935
839946352 330893784 855381971 545344718
268157063 351934489 486492696 351934489
0 550344247 12292704 689037079
212045913 30863154 371183099 544470564
380905615 550344247 638634751 627787600
664189203 244389076 826965757 695445204
245161043 222768006 870859056 469932430
20252706 70351599 440262569 348905737
207444528 487214182 277401665 751646115
567849597 567004599 812004370 909562829
205634436 51742180 769301549 555422372
512772542 147220072 620493060 314972962
380905615 244389076 826965757 627787600
510696306 310013650 775398440 550344247
933323124 508193571 972725121 923096564
755515637 34325451 769915514 392349514
677356349 68031140 906219065 545344718
155822365 154620946 233856745 358657634
638634751 330893784 720999595 330893784
10707071 467121028 385407321 970867684
331444752 238462781 685237895 360116268
826965757 244389076 826965757 330893784
4754890 240503515 627285550 418232522
89190372 568120405 270883087 630685633
66098459 211322583 951092223 295181098
317280890 369432925 548291588 806886785
55853448 306228254 308698737 487913621
583797785 257854888 775398440 592032296
303525229 42754694 877276745 961978465
781502139 211282796 802892395 596901780
156083866 190320513 917094960 336184839
600189800 12260389 870637335 791950312
871970842 211327824 937015146 374080109
468626108 438061742 617313364 797529241
992935626 68031140 1000000000 330893784
480647251 4770295 874069521 197212114
476393750 850687149 980410910 934249329
755945274 119918350 923805506 391920088
365079342 215203426 722997097 860334696
242268773 400928229 633052488 524132982
699091141 229843298 869833202 779177151
294074757 22086284 632922203 176957282
1658789 76215425 177514216 653973026
12890559 614383892 828354028 970047121
380905615 545344718 839946352 689037079
18522309 397225190 977054763 913712091
169148596 481453476 510696306 689037079
747709595 123739029 763089628 776780466
585528818 113156497 772436040 870776404
584988109 619859470 714602875 921469701
270917164 469997519 872732358 743121740
212347522 129610835 420778485 760207194
22630060 88499077 523413424 299092806
694482651 310013650 1000000000 310013650
215978287 182345776 896734038 965687426
1578713 703712064 497213178 794634858
247844747 659980150 698242490 708417966
515240 142631959 975025260 756198814
524447369 240731608 784045360 466982375
720999595 185952430 906219065 351934489
97083857 867792166 613854603 971747153
81599310 508233686 156266673 930973103
402210841 310013650 694482651 545344718
68255415 880551014 138926039 973241426
675115599 228536673 677356349 481453476
222680790 109271995 318692369 258495090
169148596 228536673 583797785 244389076
77387986 0 826965757 88141933
674937732 790268950 805523909 980708154
322676451 401525037 882029357 633504584
169148596 545344718 268157063 981670198
204065375 675916056 983262790 911501723
143177495 269838920 639637769 499052345
28144811 256421010 215551953 821381396
469389850 151503935 595129519 355170516
76028714 264149633 324097761 434307992
169148596 367760040 440071296 695445204
510915450 293486214 782538888 716407782
775398440 6222327 992935626 6222327
563492359 44648507 939806608 158862834
153790195 526639395 494494864 568152559
583797785 107781340 953426076 228536673
598200804 127425923 948163055 571373810
86716710 70860817 743026974 843102409
77387986 550344247 583797785 1000000000
650728133 144523464 846900616 480194750
583797785 367760040 720999595 627787600
144757129 255699740 770041077 541300048
472829011 367109831 837481211 486628175
165686147 226521606 303964897 801418389
423302969 364964587 661514590 752636607
317866109 294604554 373898793 498420945
753160331 552948948 828652461 596658487
253347547 192125212 725428072 945352755
167088606 19678406 811652825 23784774
440990413 894638044 486566336 964185106
319110127 263570000 808740599 509572815
372176739 383762734 661165452 482778877
675115599 88141933 720999595 244389076
496737743 108855625 811834500 511883699
299959522 643336223 684986473 837441191
852980986 176611881 922457554 897821186
269890205 521377785 354767047 602684852
468895117 355272199 845868020 410466060
570269404 445026481 765455890 893355837
524552688 565741716 553523765 672895884
532480606 78585886 638193434 313800565
440071296 6222327 486492696 1000000000
125310948 272802969 152145860 763075246
916088747 29850438 944355704 740625469
638634751 183845480 664189203 865233582
486492696 0 664189203 466179741
158248871 210942586 457129955 531014538
215613612 174254632 646070671 464699983
37402166 329563605 70613813 490497757
14125904 117845773 828541717 842210250
351775582 478405770 928776317 535161617
273056199 211273993 633916652 787192056
203490718 246526938 931048425 360289950
520614141 44676979 695311196 915848552
411771215 342466875 689557834 494308273
178968844 318358210 312314457 420646453
290545945 767589246 838321966 897626163
448131170 235515006 787258530 517426457
453282058 101667373 666350454 838196934
652856542 157605471 822567514 249686030
149379944 22777553 439699844 921735024
295627676 21034586 940315996 626851716
171791619 116588338 399920229 636872870
308814064 825591475 840257259 977380369
706494750 663328701 907832691 786678119
197470284 17304042 235492406 840657215
449393304 78328021 838628497 597668126
780225769 219899934 803328388 223389447
169148596 330893784 186257752 592032296
622376128 26334954 745916255 409714630
127734819 378408065 279864720 720128055
158235472 71356914 873320531 719478820
438986281 93366321 823845708 580957060
720999595 88141933 953426076 185952430
345152435 166221715 748790162 397480652
497328469 674207816 746403679 853748625
664189203 183845480 826965757 981670198
666513271 775898993 679125274 927320631
643268161 49640353 875764053 451226983
167120300 97560699 603452605 435298890
380905615 257854888 664189203 981670198
217391611 500824791 795219935 647391275
363309622 254082909 454146182 732574015
26142237 581893307 802378999 932316504
720999595 183845480 775398440 257854888
38985284 452446517 300658968 974066225
381598228 121219751 646212553 441285820
17138614 450870580 175800763 710309379
333886095 250400545 449542050 913585178
318243238 723273635 997774645 772007598
414369438 371570052 868843495 519036227
88113852 101699035 267252805 134658046
189356992 83479879 273915142 287544982
130072589 624942757 627336304 853797746
71206675 224209705 885195546 546145710
712493049 295870215 876072885 311983582
253092061 136217830 782220970 474770325
134876902 521089006 806786439 861436262
412212835 602137762 937327049 881223913
450492960 133298796 768213930 266948981
402210841 244389076 677356349 550344247
659810277 304674566 739237325 688245711
513926148 157734639 526668255 863960441
65137721 527235896 531210174 590748500
716435195 268946078 986055011 937860187
414265628 138100363 524614172 403706303
378679534 864335654 841533091 884891941
467409256 113513665 503237408 480611074
656854542 501538393 705582585 911370918
675115599 185952430 694482651 481453476
716353341 321663427 902857820 997158464
937099550 522379118 981680846 759550124
64206057 225409064 382995960 455398642
317607033 442510928 714690843 678282530
398641093 40851955 415813399 533992080
187874992 19545954 942235715 953436868
261618472 809368831 971944843 945417145
84841974 212422434 419281825 216632806
0 367760040 12292704 695445204
365763203 621297732 966299382 699099642
402210841 1000000000 694482651 1000000000
135159315 194242500 907895908 491038411
329002405 281768773 699175825 737359176
709415852 421444303 976958964 445273944
411595733 541943020 868733938 684537281
500105175 157126394 537904743 966355530
768040495 420668806 827101151 422273800
820061993 166565418 880426048 598544761
184744635 539941209 524512649 896713591
568160262 255516957 577644242 675685985
442089208 177490398 983278209 791771887
446787150 174672631 989406686 771025437
440071296 260396147 720999595 351934489
578992776 28858049 585514057 110541053
468455182 57791017 711723145 172828666
461022847 102022340 914733668 133888742
665953452 271305301 930582795 961253467
483888466 630849000 958705959 973290368
635688672 229604679 776274607 719909434
371790038 491819543 893748918 838498172
543868660 625901168 731354792 763155863
482689346 725431396 785096704 978670547
234557009 330893784 675115599 689037079
57869169 525099810 105474576 613079746
170324139 427133202 756538886 627362754
278777413 325224035 779142073 462400032
594833153 192020523 604064092 799740126
308261345 379760039 624980337 724609963
106139977 399003126 774142606 557771657
57413515 24505378 991919456 905283351
496570644 154680708 954734070 490075487
523576801 590237093 536764136 667131989
669907269 23890989 783947298 55630352
591018954 677499500 977160686 951623994
567145657 298597467 789821190 816499179
60568786 541139282 867639306 599040685
53785773 126313500 191716518 422389459
5240407 904130157 473936857 919555896
411361037 688499841 842574903 704913040
0 466179741 169148596 1000000000
336179302 92425235 899572032 969291851
302025332 417376214 749679076 529365878
0 689037079 186257752 695445204
221134938 380081867 785041379 722585936
489225777 123605626 838043257 811627455
440071296 466179741 638634751 592032296
889711027 440455665 915928237 676516266
123165584 393967001 575845652 596375866
101356817 212270051 981516394 391646596
19976438 74657340 741183012 787206660
690502288 374354962 965705908 585334763
863927822 746017884 870742265 757206545
300707379 80298230 323542415 910513378
510696306 256129410 839946352 545344718
258259654 156359589 352790758 301344023
440071296 68031140 1000000000 88141933
84514472 143651025 989565672 414943281
732754207 681756217 783429549 920837663
518720073 64681152 588158060 816936110
225839677 274960602 774753515 701334943
116623100 123351605 436768014 822223748
630710000 54413038 709809081 365886655
9893848 961905135 860922446 963875753
663772783 328784750 690841834 531500427
862722442 543644610 872760962 936778372
27161346 26896972 538971738 509917990
311474085 464389021 993446484 991566200
820421678 122814021 905517442 968472453
738661990 680841860 863899271 785980686
468227354 528021197 959275265 965697384
166209849 673533363 584094726 818250231
189694311 261941931 928567299 472101212
489617590 251584179 892796983 935939916
553067257 307150835 718061515 935920746
443660121 98855708 708714014 565272731
628317118 615850029 693122259 744674728
679360698 114508974 943781043 784005844
113536014 643494682 773426310 691696323
801850401 105959323 836715300 937976102
775398440 0 839946352 310013650
278905131 520622781 572715476 731596447
54361946 92875561 773974562 633538968
129438644 563424551 700908191 980951023
601363377 399482225 630850038 478408741
30982139 607570530 303949752 936420220
383855194 178265140 474917030 780963228
451617435 665292839 469906653 965059365
398705820 506085142 828921405 899610665
638634751 107781340 953426076 256129410
859968816 2676864 985543268 812464859
741551619 707220471 899424801 934792197
727081656 617998387 960656936 659444148
314080062 895020110 626691256 973249313
973849658 167794858 977771843 466464006
675115599 257854888 953426076 257854888
520106959 198859177 983428529 609451095
849641597 150230847 883185796 264686330
727293857 490079792 785347466 901771289
0 865233582 77387986 1000000000
14997346 160624056 100739914 758321072
170983924 69002595 497525608 127587628
412100715 163955662 953355902 191432891
44893678 140850365 606787909 920127721
72558885 287304342 668137346 827793685
351374658 378393826 379387384 911210378
126293514 405784751 943623856 752527635
413871324 271626711 633390843 698563950
41791704 494364900 366796233 622452737
903188368 892556183 983126116 922207233
212374555 15219566 419926068 499320988
91086483 147024102 257442514 811970128
702829862 103796543 992892636 977124099
266450103 126296416 800189453 332792607
271871024 30467558 737636486 214832542
334943656 312978227 808562572 526358398
169148596 310013650 186257752 1000000000
233335823 266011657 984652899 818432093
326641291 24240790 740040193 544934260
66701881 98996050 544277733 161662762
251476180 622751952 386457542 910219928
175498264 421500187 345095070 970596557
443836405 360510949 463578257 505088816
694482651 256129410 906219065 310013650
73469483 7859998 700190209 754134659
261251713 116597420 670335246 715509585
321923645 62559237 563774454 352874724
839946352 0 1000000000 68031140
4741845 736698139 555060857 770928516
601985448 456992638 897212923 477761956
508561832 284542587 657065322 347849550
47471755 513405066 732017438 680690544
720242558 21937384 800270964 779479252
393885999 738949729 870172340 988131171
68624141 490498934 152262919 718098883
23322952 450369687 634892006 919493255
220068698 264335963 656572800 915663248
78274972 417552660 905873682 665114130
119487157 74498936 365460564 518553777
327181027 87026662 765485591 99335917
471047831 85716240 689255981 607957940
200966239 448863715 901841932 476028798
12292704 244389076 664189203 260396147
492247603 507133820 492434166 760220004
604074732 589584519 908049838 878975381
4033091 130651050 74261761 365637897
29912124 224737150 456749943 567420446
500243775 91577740 741831762 254630460
298021055 179990195 750276365 346523628
701357179 189206804 886307705 447274506
333800678 315748003 399238076 441261703
408829090 38618769 969119179 84408967
40797035 83384528 676799507 560941505
63371421 553490003 905961483 875065215
142468024 343697049 487151246 356526738
165665631 713947765 831393899 996181386
98933599 343009032 981026778 422443380
200932067 347310674 221124063 700410136
794300360 391332841 960170604 916960356
191470958 342221895 604254315 864804928
